              precision    recall  f1-score   support

        NONE     0.8556    1.0000    0.9222       640
       black     0.6429    0.4500    0.5294        40
        blue     0.9375    0.3846    0.5455        39
        gray     0.5238    0.6111    0.5641        36
       green     0.5556    0.8333    0.6667        30
      orange     0.0000    0.0000    0.0000        41
        pink     1.0000    0.1250    0.2222        40
      purple     0.7027    0.9630    0.8125        27
         red     0.7857    0.7674    0.7765        43
       white     1.0000    0.2903    0.4500        31
      yellow     0.8519    0.6970    0.7667        33

    accuracy                         0.8160      1000
   macro avg     0.7141    0.5565    0.5687      1000
weighted avg     0.7973    0.8160    0.7764      1000
