              precision    recall  f1-score   support

        NONE     0.0000    0.0000    0.0000         0
       click     0.9333    0.6720    0.7814       125
        copy     0.9843    1.0000    0.9921       125
      delete     0.9194    0.9120    0.9157       125
  long-press     0.8741    1.0000    0.9328       125
        open     0.9370    0.9520    0.9444       125
       paste     0.9191    1.0000    0.9579       125
      scroll     1.0000    1.0000    1.0000       125
         tap     0.9766    1.0000    0.9881       125

    accuracy                         0.9420      1000
   macro avg     0.8382    0.8373    0.8347      1000
weighted avg     0.9430    0.9420    0.9390      1000
