                 precision    recall  f1-score   support

           NONE     0.9958    1.0000    0.9979       716
         button     0.0000    0.0000    0.0000         9
           cart     0.0000    0.0000    0.0000         5
          chart     0.0000    0.0000    0.0000         5
       checkbox     0.0000    0.0000    0.0000         2
      container     0.0000    0.0000    0.0000         5
     dialog box     0.0000    0.0000    0.0000         6
       dropdown     0.0000    0.0000    0.0000         5
          email     0.0000    0.0000    0.0000         5
   first button     0.0000    0.0000    0.0000         3
     first item     0.0000    0.0000    0.0000         5
         footer     1.0000    0.6667    0.8000         3
          graph     0.0000    0.0000    0.0000         1
         header     0.0000    0.0000    0.0000         3
        heading     0.3500    1.0000    0.5185         7
           icon     0.0000    0.0000    0.0000         4
          image     0.0000    0.0000    0.0000         4
          label     0.0000    0.0000    0.0000         7
      last item     0.6667    0.4444    0.5333         9
           list     0.0000    0.0000    0.0000        14
           logo     0.0000    0.0000    0.0000         1
           menu     0.2353    0.2000    0.2162        20
      menu item     0.0000    0.0000    0.0000         2
          modal     0.0000    0.0000    0.0000         4
 navigation bar     0.0000    0.0000    0.0000         0
           page     0.2073    1.0000    0.3434        17
          panel     0.0769    0.0526    0.0625        19
   profile icon     0.0000    0.0000    0.0000         4
profile picture     1.0000    0.2000    0.3333         5
profile section     0.0000    0.0000    0.0000         5
 revenue trends     0.0000    0.0000    0.0000         7
   sales report     0.0000    0.0000    0.0000         8
         screen     0.0000    0.0000    0.0000        12
     search bar     0.0000    0.0000    0.0000         4
     search box     0.0000    0.0000    0.0000         5
        section     0.0000    0.0000    0.0000        12
 section header     1.0000    0.8000    0.8889         5
       settings     0.0000    0.0000    0.0000         7
settings button     0.2857    0.2000    0.2353        10
        sidebar     0.1522    1.0000    0.2642         7
     status bar     0.0000    0.0000    0.0000         5
         switch     0.0000    0.0000    0.0000         3
           text     0.0000    0.0000    0.0000         4
          title     0.1364    0.8571    0.2353         7
        toolbar     0.0000    0.0000    0.0000         2
       username     0.0000    0.0000    0.0000         2
    wi-fi label     0.0000    0.0000    0.0000         5

       accuracy                         0.7710      1000
      macro avg     0.1299    0.1579    0.1155      1000
   weighted avg     0.7490    0.7710    0.7486      1000
