              precision    recall  f1-score   support

        NONE     0.0000    0.0000    0.0000         0
      button     0.7917    1.0000    0.8837       133
    checkbox     0.7857    0.6111    0.6875        36
        icon     0.9881    0.9651    0.9765        86
       image     0.9895    1.0000    0.9947        94
        link     0.9000    0.9643    0.9310        56
        menu     1.0000    0.9865    0.9932        74
      switch     1.0000    0.1364    0.2400        44
         tab     0.9528    1.0000    0.9758       101
        text     0.9868    0.9973    0.9921       376

    accuracy                         0.9410      1000
   macro avg     0.8395    0.7661    0.7675      1000
weighted avg     0.9473    0.9410    0.9275      1000
